#LEFT_CAM_2K
Camera.fx: 1055.32
Camera.fy: 1054.86
Camera.cx: 1128.31
Camera.cy: 623.503

Camera.k1: -0.0439908
Camera.k2: 0.0135859
Camera.k3: -0.00606365
Camera.p1: 0.000235197
Camera.p2: -0.000456153


frame_id: base_link
child_frame_id: zed2i_left_camera_frame

rotation.x: 0.0
rotation.y: 0.0
rotation.z: 0.0
rotation.w: 1.0

translation.x: 0.0
translation.y: 0.06
translation.z: 0.0  

base_line: 0.119541