#RIGHT_CAM_VGA
Camera.fx: 265.4475
Camera.fy: 265.335
Camera.cx: 340.4275
Camera.cy: 189.26525

Camera.k1: -0.0430613
Camera.k2: 0.0115478
Camera.k3: -0.00536685
Camera.p1: -0.000155328
Camera.p2: -0.000405637

frame_id: base_link
child_frame_id: zed2i_right_camera_frame

rotation.x: 0.0
rotation.y: 0.0
rotation.z: 0.0
rotation.w: 1.0

translation.x: 0.0
translation.y: -0.06
translation.z: 0.0 
