[LEFT_CAM_2K]
fx=1055.32
fy=1054.86
cx=1128.31
cy=623.503
k1=-0.0439908
k2=0.0135859
k3=-0.00606365
p1=0.000235197
p2=-0.000456153

[RIGHT_CAM_2K]
fx=1061.79
fy=1061.34
cx=1126.71
cy=631.061
k1=-0.0430613
k2=0.0115478
k3=-0.00536685
p1=-0.000155328
p2=-0.000405637

[LEFT_CAM_FHD]
fx=1055.32
fy=1054.86
cx=984.31
cy=542.503
k1=-0.0439908
k2=0.0135859
k3=-0.00606365
p1=0.000235197
p2=-0.000456153

[RIGHT_CAM_FHD]
fx=1061.79
fy=1061.34
cx=982.71
cy=550.061
k1=-0.0430613
k2=0.0115478
k3=-0.00536685
p1=-0.000155328
p2=-0.000405637

[LEFT_CAM_HD]
fx=527.66
fy=527.43
cx=650.655
cy=359.7515
k1=-0.0439908
k2=0.0135859
k3=-0.00606365
p1=0.000235197
p2=-0.000456153

[RIGHT_CAM_HD]
fx=530.895
fy=530.67
cx=649.855
cy=363.5305
k1=-0.0430613
k2=0.0115478
k3=-0.00536685
p1=-0.000155328
p2=-0.000405637

[LEFT_CAM_VGA]
fx=263.83
fy=263.715
cx=340.8275
cy=187.37575
k1=-0.0439908
k2=0.0135859
k3=-0.00606365
p1=0.000235197
p2=-0.000456153

[RIGHT_CAM_VGA]
fx=265.4475
fy=265.335
cx=340.4275
cy=189.26525
k1=-0.0430613
k2=0.0115478
k3=-0.00536685
p1=-0.000155328
p2=-0.000405637

[STEREO]
Baseline=119.541
TY=-0.256396
TZ=0.549798
CV_2K=0.00472178
CV_FHD=0.00472178
CV_HD=0.00472178
CV_VGA=0.00472178
RX_2K=0.00559002
RX_FHD=0.00559002
RX_HD=0.00559002
RX_VGA=0.00559002
RZ_2K=0.000858065
RZ_FHD=0.000858065
RZ_HD=0.000858065
RZ_VGA=0.000858065